9999940061511120721.3167147
9999953041711161822.4357154
9999927033003142901.1526663
9999979042610222349.9571994
9999952112804225816.4383926
9999934043111100207.5748700
9999954051211020843.6487154
9999914031705020140.1976463
9999957070606233252.7449048
9999911022206142321.6713183
9999943091510194202.3189813
9999925090502110228.4410136
9999981030809010214.7368465
9999975020608142818.9374912
9999969040908025852.8302417
9999937101712232821.3372653
9999937052508174017.9875347
9999967031610185050.4465547
9999959100605144148.7933347
9999974041402140410.1590631
9999933061604120205.5669348
9999964042210211228.2375853
9999965112801233743.9495840
9999925090409163108.9694424
9999918021306124208.9905857
9999905112307132630.3457459
9999972011704035652.5822255
9999917060605211131.4144880
9999944112203131803.4935262
9999937060711084830.6574620
9999922072811184311.4528320
9999933072605045351.4410097
9999955022203083322.2292201
9999986100106143259.1905972
9999964020507144540.5627400
9999941071105190909.8392185
9999902080307055047.7934825
9999952051803042723.1996285
9999935081702073714.8394749
9999953121505022329.2104020
9999981021109204727.7734056
9999928052809170309.3058228
9999960072311230240.2481768
9999906072001034153.7596001
9999904031606061637.9212842
9999949071105164420.2524126
9999979032903211756.6280266
9999974023107124118.7132814
9999976100507043232.4535417
9999961110409101809.9847712
9999900111705101336.8536714
9999901032301223158.4620186
9999926081502134235.7746553
9999919031808134060.5555893
9999973030208020941.2216508
9999953102911082459.8281637
9999931020308112437.4260829
9999902051501155639.1550499
9999999050610031435.2618218
9999913060905010707.6585250
9999991090903224338.1601879
9999965041105203436.4660048
9999948030204030321.4737856
9999977021307065351.9420417
9999914081611132339.1391653
9999910081302085355.9441501
9999919083011212014.5883127
9999997100507183845.1524607
9999930050604171349.9589675
9999974081805095303.2232021
9999910070910170722.3537690
9999932070912031157.6160114
9999934111302174549.3982304
9999961102306041204.3450726
9999926020712196051.4475413
9999936111604135707.7040823
9999948101806121826.2921984
9999978031206131608.4150454
9999906101612194357.9124635
9999963081404195118.7508964
9999912021209065932.1316510
9999911080505055708.3819516
9999966083005225739.7182419
9999907090508142427.1961869
9999994070403161707.7868279
9999919070607221540.5433456
9999991050604232219.2478814
9999947072411180153.3528731
9999939033012023742.3563555
9999956030402111415.3756807
9999924052105215647.4091110
9999948051507114509.1997365
9999923033008052603.1411720
9999918072606022242.2894852
9999996051102083337.1708096
9999952111508170802.4990958
9999948072209131453.9434534
9999908010602175851.9095375
9999987092906154235.6244320
9999926082103221154.9394835